 /* 
 .geo file for kite scatterer, 
Introduccion al Metodo de Frontera Universidad EAFIT 2025-1 
by: Daniel Ospina Pajoy, Sebastián Duque Lotero & Mateo Tabares. 
 */ 
 
 
// Inner Scatterer Element Size
 sizeRoI = 0.3; 
 
// Points 
Point(1) = { 1.65, 0.0, 0.0, 0.3 }; 
Point(2) = { 1.5665445784962087, 0.3224556603165361, 0.0, 0.3 }; 
Point(3) = { 1.3283765047791452, 0.6298336523403969, 0.0, 0.3 }; 
Point(4) = { 0.9699864857496372, 0.9077613227906477, 0.0, 0.3 }; 
Point(5) = { 0.5422279870225306, 1.1432430826914546, 0.0, 0.3 }; 
Point(6) = { 0.10363684821424166, 1.3252680666690344, 0.0, 0.3 }; 
Point(7) = { -0.28942882597971237, 1.4453249887788346, 0.0, 0.3 }; 
Point(8) = { -0.5920507635649161, 1.4978001207766858, 0.0, 0.3 }; 
Point(9) = { -0.7777565578215864, 1.4802397838122892, 0.0, 0.3 }; 
Point(10) = { -0.8420352250899494, 1.393465079725187, 0.0, 0.3 }; 
Point(11) = { -0.8017768663333267, 1.2415334972353358, 0.0, 0.3 }; 
Point(12) = { -0.6908052013426094, 1.0315491882801349, 0.0, 0.3 }; 
Point(13) = { -0.5523916897127256, 0.7733307857655325, 0.0, 0.3 }; 
Point(14) = { -0.43019267847413395, 0.47895229520396965, 0.0, 0.3 }; 
Point(15) = { -0.3593345959428033, 0.1621785276359129, 0.0, 0.3 }; 
Point(16) = { -0.3593345959428032, -0.16217852763591253, 0.0, 0.3 }; 
Point(17) = { -0.43019267847413406, -0.4789522952039699, 0.0, 0.3 }; 
Point(18) = { -0.5523916897127257, -0.7733307857655327, 0.0, 0.3 }; 
Point(19) = { -0.6908052013426096, -1.031549188280135, 0.0, 0.3 }; 
Point(20) = { -0.8017768663333267, -1.2415334972353356, 0.0, 0.3 }; 
Point(21) = { -0.8420352250899494, -1.393465079725187, 0.0, 0.3 }; 
Point(22) = { -0.7777565578215864, -1.4802397838122892, 0.0, 0.3 }; 
Point(23) = { -0.5920507635649161, -1.4978001207766858, 0.0, 0.3 }; 
Point(24) = { -0.28942882597971203, -1.4453249887788344, 0.0, 0.3 }; 
Point(25) = { 0.10363684821424199, -1.3252680666690342, 0.0, 0.3 }; 
Point(26) = { 0.5422279870225313, -1.1432430826914544, 0.0, 0.3 }; 
Point(27) = { 0.9699864857496381, -0.9077613227906474, 0.0, 0.3 }; 
Point(28) = { 1.3283765047791445, -0.6298336523403973, 0.0, 0.3 }; 
Point(29) = { 1.5665445784962087, -0.32245566031653655, 0.0, 0.3 }; 

 
// 31 
// Lines 
Line(1) = { 1, 2 }; 
Line(2) = { 2, 3 }; 
Line(3) = { 3, 4 }; 
Line(4) = { 4, 5 }; 
Line(5) = { 5, 6 }; 
Line(6) = { 6, 7 }; 
Line(7) = { 7, 8 }; 
Line(8) = { 8, 9 }; 
Line(9) = { 9, 10 }; 
Line(10) = { 10, 11 }; 
Line(11) = { 11, 12 }; 
Line(12) = { 12, 13 }; 
Line(13) = { 13, 14 }; 
Line(14) = { 14, 15 }; 
Line(15) = { 15, 16 }; 
Line(16) = { 16, 17 }; 
Line(17) = { 17, 18 }; 
Line(18) = { 18, 19 }; 
Line(19) = { 19, 20 }; 
Line(20) = { 20, 21 }; 
Line(21) = { 21, 22 }; 
Line(22) = { 22, 23 }; 
Line(23) = { 23, 24 }; 
Line(24) = { 24, 25 }; 
Line(25) = { 25, 26 }; 
Line(26) = { 26, 27 }; 
Line(27) = { 27, 28 }; 
Line(28) = { 28, 29 }; 
Line(29) = { 29, 1 }; 

 
// Surfaces 
Curve Loop(1) = { 1: 29 }; 
Plane Surface(1) = {1}; 

 
// Physical groups 
Physical Curve(1) = { 1: 29 }; 
Physical Surface(2) = {1}; 

 
// Mesh parameters 
ndiv = 1; 
Transfinite Curve { 1: 29 } = ndiv Using Progression 1; 
Transfinite Surface {1}; 
