 /* 
 .geo file for kite scatterer, 
Introduccion al Metodo de Frontera Universidad EAFIT 2025-1 
by: Daniel Ospina Pajoy, Sebastián Duque Lotero & Mateo Tabares. 
 */ 
 
 
// Inner Scatterer Element Size
 sizeRoI = 0.3; 
 
// Scatterer Points 
Point(1) = { 3.19, 0.0, 0.0, 0.3 }; 
Point(2) = { 3.0230891569924174, 0.6449113206330722, 0.0, 0.3 }; 
Point(3) = { 2.5467530095582904, 1.2596673046807938, 0.0, 0.3 }; 
Point(4) = { 1.8299729714992743, 1.8155226455812954, 0.0, 0.3 }; 
Point(5) = { 0.9744559740450611, 2.286486165382909, 0.0, 0.3 }; 
Point(6) = { 0.0972736964284833, 2.650536133338069, 0.0, 0.3 }; 
Point(7) = { -0.6888576519594247, 2.8906499775576693, 0.0, 0.3 }; 
Point(8) = { -1.2941015271298324, 2.9956002415533716, 0.0, 0.3 }; 
Point(9) = { -1.6655131156431728, 2.9604795676245783, 0.0, 0.3 }; 
Point(10) = { -1.794070450179899, 2.786930159450374, 0.0, 0.3 }; 
Point(11) = { -1.7135537326666535, 2.4830669944706716, 0.0, 0.3 }; 
Point(12) = { -1.4916104026852188, 2.0630983765602697, 0.0, 0.3 }; 
Point(13) = { -1.2147833794254512, 1.546661571531065, 0.0, 0.3 }; 
Point(14) = { -0.9703853569482679, 0.9579045904079393, 0.0, 0.3 }; 
Point(15) = { -0.8286691918856066, 0.3243570552718258, 0.0, 0.3 }; 
Point(16) = { -0.8286691918856064, -0.32435705527182507, 0.0, 0.3 }; 
Point(17) = { -0.9703853569482681, -0.9579045904079398, 0.0, 0.3 }; 
Point(18) = { -1.2147833794254514, -1.5466615715310654, 0.0, 0.3 }; 
Point(19) = { -1.4916104026852193, -2.06309837656027, 0.0, 0.3 }; 
Point(20) = { -1.7135537326666535, -2.483066994470671, 0.0, 0.3 }; 
Point(21) = { -1.794070450179899, -2.786930159450374, 0.0, 0.3 }; 
Point(22) = { -1.6655131156431728, -2.9604795676245783, 0.0, 0.3 }; 
Point(23) = { -1.2941015271298324, -2.9956002415533716, 0.0, 0.3 }; 
Point(24) = { -0.688857651959424, -2.890649977557669, 0.0, 0.3 }; 
Point(25) = { 0.09727369642848396, -2.6505361333380684, 0.0, 0.3 }; 
Point(26) = { 0.9744559740450625, -2.2864861653829087, 0.0, 0.3 }; 
Point(27) = { 1.829972971499276, -1.8155226455812947, 0.0, 0.3 }; 
Point(28) = { 2.546753009558289, -1.2596673046807947, 0.0, 0.3 }; 
Point(29) = { 3.0230891569924174, -0.6449113206330731, 0.0, 0.3 }; 

 
// Lines 
Line(1) = { 1, 2 }; 
Line(2) = { 2, 3 }; 
Line(3) = { 3, 4 }; 
Line(4) = { 4, 5 }; 
Line(5) = { 5, 6 }; 
Line(6) = { 6, 7 }; 
Line(7) = { 7, 8 }; 
Line(8) = { 8, 9 }; 
Line(9) = { 9, 10 }; 
Line(10) = { 10, 11 }; 
Line(11) = { 11, 12 }; 
Line(12) = { 12, 13 }; 
Line(13) = { 13, 14 }; 
Line(14) = { 14, 15 }; 
Line(15) = { 15, 16 }; 
Line(16) = { 16, 17 }; 
Line(17) = { 17, 18 }; 
Line(18) = { 18, 19 }; 
Line(19) = { 19, 20 }; 
Line(20) = { 20, 21 }; 
Line(21) = { 21, 22 }; 
Line(22) = { 22, 23 }; 
Line(23) = { 23, 24 }; 
Line(24) = { 24, 25 }; 
Line(25) = { 25, 26 }; 
Line(26) = { 26, 27 }; 
Line(27) = { 27, 28 }; 
Line(28) = { 28, 29 }; 
Line(29) = { 29, 1 }; 

 
// Surfaces 
Curve Loop(1) = { 1: 29 }; 
Plane Surface(1) = {1}; 

 
// Physical groups 
Physical Curve(1) = { 1: 29 }; 
Physical Surface(2) = {1}; 

 
// Mesh parameters 
ndiv = 1; 
Transfinite Curve { 1: 29 } = ndiv Using Progression 1; 
Transfinite Surface {1}; 
